em_iforest = 2.60694797161e-08
em_lof = 9.41634609151e-10
em_ocsvm = 1.9039150602e-10
 
mv_iforest = 328543.743467
mv_lof = 4958574.09197
mv_ocsvm = 18292530.1984
